<?xml version="1.0" encoding="UTF-8"?>
<document version="1.4.0">
  <chunk label="Chunk 1" enabled="1">
    <sensors next_id="1">
      <sensor id="0" label="unknown" type="spherical">
        <resolution width="4096" height="2048"/>
        <property name="layer_index" value="0"/>
        <bands>
          <band label="Red"/>
          <band label="Green"/>
          <band label="Blue"/>
        </bands>
        <calibration type="spherical" class="adjusted">
          <resolution width="4096" height="2048"/>
          <f>651.898589358381</f>
          <cx>-0.000899348146740949</cx>
          <cy>-7.33087344861892e-008</cy>
          <b1>-5.94872468244767e-005</b1>
          <p1>-3.16409921820741e-008</p1>
          <p2>-7.4477878596224e-008</p2>
        </calibration>
        <black_level>0.0000000000000000e+000 0.0000000000000000e+000 0.0000000000000000e+000</black_level>
        <sensitivity>1.0000000000000000e+000 1.0000000000000000e+000 1.0000000000000000e+000</sensitivity>
      </sensor>
    </sensors>
    <cameras next_id="360" next_group_id="0">
      <camera id="0" sensor_id="0" label="Aipano-Mont-Blanc_4K_remapped_00000" enabled="1">
        <transform>9.9999737857266346e-001 1.2113779213475595e-003 1.9430417732383622e-003 1.3032318458126091e+000 1.2206655733320460e-003 -9.9998780243403695e-001 -4.7859125256927747e-003 -3.5783500754303238e-001 1.9372205240910391e-003 4.7882717839709881e-003 -9.9998665972600043e-001 1.5087756369387633e+000 0.0000000000000000e+000 0.0000000000000000e+000 0.0000000000000000e+000 1.0000000000000000e+000</transform>
      </camera>
      <camera id="1" sensor_id="0" label="Aipano-Mont-Blanc_4K_remapped_00001" enabled="1">
        <transform>9.9999461009330959e-001 9.0332386140352288e-004 3.1565472167826235e-003 1.2869173990963865e+000 9.1682879116017748e-004 -9.9999042234069702e-001 -4.2795621086804386e-003 -3.5275649420877181e-001 3.1526511538796779e-003 4.2824330556089987e-003 -9.9998586067895290e-001 1.4999542224687588e+000 0.0000000000000000e+000 0.0000000000000000e+000 0.0000000000000000e+000 1.0000000000000000e+000</transform>
      </camera>
      <camera id="2" sensor_id="0" label="Aipano-Mont-Blanc_4K_remapped_00002" enabled="1">
        <transform>9.9999433317280895e-001 6.6600890155152500e-004 3.3000082442805920e-003 1.2707865118607835e+000 6.7832727669821507e-004 -9.9999280181942229e-001 -3.7331195329359814e-003 -3.4717683874504246e-001 3.2974981993858505e-003 3.7353368635981289e-003 -9.9998758680502653e-001 1.4911256840908012e+000 0.0000000000000000e+000 0.0000000000000000e+000 0.0000000000000000e+000 1.0000000000000000e+000</transform>
      </camera>
      <camera id="3" sensor_id="0" label="Aipano-Mont-Blanc_4K_remapped_00003" enabled="1">
        <transform>9.9999425589969204e-001 5.7547960190919994e-004 3.3402082045065800e-003 1.2550988860400725e+000 5.8773064659516647e-004 -9.9999310041894907e-001 -3.6679268237845082e-003 -3.4275486671196032e-001 3.3380743414009621e-003 3.6698688975727064e-003 -9.9998769458527137e-001 1.4826347864682743e+000 0.0000000000000000e+000 0.0000000000000000e+000 0.0000000000000000e+000 1.0000000000000000e+000</transform>
      </camera>
      <camera id="4" sensor_id="0" label="Aipano-Mont-Blanc_4K_remapped_00004" enabled="1">
        <transform>9.9999520720541568e-001 5.7037449457281804e-004 3.0430641027807547e-003 1.2394652925650009e+000 5.8175166287024690e-004 -9.9999284014688794e-001 -3.7391469566520467e-003 -3.3730567597560207e-001 3.0409096008332339e-003 3.7408993432907762e-003 -9.9998837920293004e-001 1.4744389912386577e+000 0.0000000000000000e+000 0.0000000000000000e+000 0.0000000000000000e+000 1.0000000000000000e+000</transform>
      </camera>
      <camera id="5" sensor_id="0" label="Aipano-Mont-Blanc_4K_remapped_00005" enabled="1">
        <transform>9.9999555728233236e-001 6.1398709025991930e-004 2.9169222565523368e-003 1.2239511737999416e+000 6.2465634360405321e-004 -9.9999311363816878e-001 -3.6582073058866317e-003 -3.3257226401459949e-001 2.9146560775109354e-003 3.6600131274957567e-003 -9.9998905448202602e-001 1.4666269972309751e+000 0.0000000000000000e+000 0.0000000000000000e+000 0.0000000000000000e+000 1.0000000000000000e+000</transform>
      </camera>
      <camera id="6" sensor_id="0" label="Aipano-Mont-Blanc_4K_remapped_00006" enabled="1">
        <transform>9.9999485236236441e-001 2.5688715775903069e-004 3.1983210848430337e-003 1.2082773622682015e+000 2.6562103657309770e-004 -9.9999623650561031e-001 -2.7306446272663222e-003 -3.2636464139764998e-001 3.1976075804424262e-003 2.7314801122591183e-003 -9.9999115712198072e-001 1.4572451791914098e+000 0.0000000000000000e+000 0.0000000000000000e+000 0.0000000000000000e+000 1.0000000000000000e+000</transform>
      </camera>
      <camera id="7" sensor_id="0" label="Aipano-Mont-Blanc_4K_remapped_00007" enabled="1">
        <transform>9.9999509329799630e-001 5.7970650999231133e-004 3.0785256688889403e-003 1.1932745412051438e+000 5.9056432818251048e-004 -9.9999360496697454e-001 -3.5272168814568274e-003 -3.2310234405398924e-001 3.0764612310272823e-003 3.5290176418981273e-003 -9.9998904065033489e-001 1.4502857702953786e+000 0.0000000000000000e+000 0.0000000000000000e+000 0.0000000000000000e+000 1.0000000000000000e+000</transform>
      </camera>
      <camera id="8" sensor_id="0" label="Aipano-Mont-Blanc_4K_remapped_00008" enabled="1">
        <transform>9.9999417228107834e-001 5.0620831557443319e-004 3.3762637667095270e-003 1.1783563068065710e+000 5.1690069766895032e-004 -9.9999485206035044e-001 -3.1668069828618894e-003 -3.1766082214940661e-001 3.3746433218788713e-003 3.1685337206974404e-003 -9.9998928603086090e-001 1.4417855613130990e+000 0.0000000000000000e+000 0.0000000000000000e+000 0.0000000000000000e+000 1.0000000000000000e+000</transform>
      </camera>
      <camera id="9" sensor_id="0" label="Aipano-Mont-Blanc_4K_remapped_00009" enabled="1">
        <transform>9.9999564509807048e-001 5.8898611214900894e-004 2.8918644946610448e-003 1.1633406514473510e+000 5.9794863233691791e-004 -9.9999501828455528e-001 -3.0993327515914265e-003 -3.1308705638787604e-001 2.8900246242674118e-003 3.1010484407207298e-003 -9.9999101558775993e-001 1.4340375597286517e+000 0.0000000000000000e+000 0.0000000000000000e+000 0.0000000000000000e+000 1.0000000000000000e+000</transform>
      </camera>
      <camera id="10" sensor_id="0" label="Aipano-Mont-Blanc_4K_remapped_00010" enabled="1">
        <transform>9.9999484370541247e-001 7.6774626073304987e-004 3.1181931092977050e-003 1.1487942922612060e+000 7.7812574199726870e-004 -9.9999415666667890e-001 -3.3288365576281884e-003 -3.0793035205663866e-001 3.1156191868362969e-003 3.3312457394931265e-003 -9.9998959780535002e-001 1.4255432291327934e+000 0.0000000000000000e+000 0.0000000000000000e+000 0.0000000000000000e+000 1.0000000000000000e+000</transform>
      </camera>
      <camera id="11" sensor_id="0" label="Aipano-Mont-Blanc_4K_remapped_00011" enabled="1">
        <transform>9.9999549406685917e-001 6.2903135989107078e-004 2.9353305650018178e-003 1.1342323784655470e+000 6.3874411088510840e-004 -9.9999432075434358e-001 -3.3091486850621151e-003 -3.0316514804871642e-001 2.9332323362410099e-003 3.3110086993712847e-003 -9.9999021663687004e-001 1.4174487612300308e+000 0.0000000000000000e+000 0.0000000000000000e+000 0.0000000000000000e+000 1.0000000000000000e+000</transform>
      </camera>
      <camera id="12" sensor_id="0" label="Aipano-Mont-Blanc_4K_remapped_00012" enabled="1">
        <transform>9.9999588263229255e-001 7.0164984891058001e-004 2.7825179157582648e-003 1.1195553865104895e+000 7.1061393328719375e-004 -9.9999455719900310e-001 -3.2218938852030367e-003 -2.9748814391434403e-001 2.7802421297092200e-003 3.2238579154817565e-003 -9.9999093845586473e-001 1.4095191136151515e+000 0.0000000000000000e+000 0.0000000000000000e+000 0.0000000000000000e+000 1.0000000000000000e+000</transform>
      </camera>
      <camera id="13" sensor_id="0" label="Aipano-Mont-Blanc_4K_remapped_00013" enabled="1">
        <transform>9.9999527455667148e-001 8.8903833015392707e-004 2.9428685283896957e-003 1.1053550030932182e+000 8.9843809134964551e-004 -9.9999449460740819e-001 -3.1943017813349747e-003 -2.9273432918884507e-001 2.9400124700214151e-003 3.1969306720266715e-003 -9.9999056793599528e-001 1.4010667420820708e+000 0.0000000000000000e+000 0.0000000000000000e+000 0.0000000000000000e+000 1.0000000000000000e+000</transform>
      </camera>
      <camera id="14" sensor_id="0" label="Aipano-Mont-Blanc_4K_remapped_00014" enabled="1">
        <transform>9.9999400806407113e-001 8.4723280319495841e-004 3.3564911041741446e-003 1.0914068175671148e+000 8.5736649471808131e-004 -9.9999507573679236e-001 -3.0188449547024149e-003 -2.8745183605163638e-001 3.3539169114551104e-003 3.0217046089894041e-003 -9.9998981021938771e-001 1.3926554009329868e+000 0.0000000000000000e+000 0.0000000000000000e+000 0.0000000000000000e+000 1.0000000000000000e+000</transform>
      </camera>
      <camera id="15" sensor_id="0" label="Aipano-Mont-Blanc_4K_remapped_00015" enabled="1">
        <transform>9.9999563394426283e-001 8.1705917788343506e-004 2.8398075133893468e-003 1.0772473066310593e+000 8.2515656767245718e-004 -9.9999559434815510e-001 -2.8513857891957436e-003 -2.8217735661453025e-001 2.8374652512573877e-003 2.8537166257070570e-003 -9.9999190251339942e-001 1.3848058986951248e+000 0.0000000000000000e+000 0.0000000000000000e+000 0.0000000000000000e+000 1.0000000000000000e+000</transform>
      </camera>
      <camera id="16" sensor_id="0" label="Aipano-Mont-Blanc_4K_remapped_00016" enabled="1">
        <transform>9.9999710909703765e-001 8.8651730847770624e-004 2.2351475630447010e-003 1.0630149844055796e+000 8.9306435423102879e-004 -9.9999530922882385e-001 -2.9298389730711798e-003 -2.7676521432279327e-001 2.2325397255182578e-003 2.9318266338060157e-003 -9.9999321005642994e-001 1.3767711388414581e+000 0.0000000000000000e+000 0.0000000000000000e+000 0.0000000000000000e+000 1.0000000000000000e+000</transform>
      </camera>
      <camera id="17" sensor_id="0" label="Aipano-Mont-Blanc_4K_remapped_00017" enabled="1">
        <transform>9.9999609495971842e-001 9.6908792740793440e-004 2.6212466312597552e-003 1.0491717480432967e+000 9.7668006219900154e-004 -9.9999532773036581e-001 -2.8966555705326196e-003 -2.7160843285584063e-001 2.6184272701454542e-003 2.8992043782987936e-003 -9.9999236919718737e-001 1.3685573549446615e+000 0.0000000000000000e+000 0.0000000000000000e+000 0.0000000000000000e+000 1.0000000000000000e+000</transform>
      </camera>
      <camera id="18" sensor_id="0" label="Aipano-Mont-Blanc_4K_remapped_00018" enabled="1">
        <transform>9.9999653229150653e-001 9.5530671699180756e-004 2.4541381458455403e-003 1.0356645086817962e+000 9.6213823764658543e-004 -9.9999566179857180e-001 -2.7840032413697373e-003 -2.6658782862964658e-001 2.4514679223033237e-003 2.7863548074086356e-003 -9.9999311324224283e-001 1.3604731397904490e+000 0.0000000000000000e+000 0.0000000000000000e+000 0.0000000000000000e+000 1.0000000000000000e+000</transform>
      </camera>
      <camera id="19" sensor_id="0" label="Aipano-Mont-Blanc_4K_remapped_00019" enabled="1">
        <transform>9.9999650586093969e-001 9.6660977615114813e-004 2.4604738268000133e-003 1.0221224371225945e+000 9.7365175256158062e-004 -9.9999542916993611e-001 -2.8624537550953652e-003 -2.6128776375506207e-001 2.4576957046088185e-003 2.8648393979374864e-003 -9.9999287618814947e-001 1.3524074486817657e+000 0.0000000000000000e+000 0.0000000000000000e+000 0.0000000000000000e+000 1.0000000000000000e+000</transform>
      </camera>
      <camera id="20" sensor_id="0" label="Aipano-Mont-Blanc_4K_remapped_00020" enabled="1">
        <transform>9.9999671615376529e-001 1.0916059281351484e-003 2.3186371391971956e-003 1.0087541273487237e+000 1.0979039709065894e-003 -9.9999570696845530e-001 -2.7167354545546761e-003 -2.5641875467963737e-001 2.3156615806874496e-003 2.7192721741353993e-003 -9.9999362161480143e-001 1.3444438664130538e+000 0.0000000000000000e+000 0.0000000000000000e+000 0.0000000000000000e+000 1.0000000000000000e+000</transform>
      </camera>
      <camera id="21" sensor_id="0" label="Aipano-Mont-Blanc_4K_remapped_00021" enabled="1">
        <transform>9.9999681179697386e-001 1.0978756230836863e-003 2.2739975823803959e-003 9.9546757642959349e-001 1.1039604009628328e-003 -9.9999580938402099e-001 -2.6762820908600863e-003 -2.5105816629452971e-001 2.2710498280617401e-003 2.6787839616122574e-003 -9.9999383320556801e-001 1.3362973003330572e+000 0.0000000000000000e+000 0.0000000000000000e+000 0.0000000000000000e+000 1.0000000000000000e+000</transform>
      </camera>
      <camera id="22" sensor_id="0" label="Aipano-Mont-Blanc_4K_remapped_00022" enabled="1">
        <transform>9.9999662621435681e-001 1.2395777479856534e-003 2.2827629991625394e-003 9.8256524830259240e-001 1.2459917936125356e-003 -9.9999527429284096e-001 -2.8104975424296263e-003 -2.4633250686592739e-001 2.2792683812787279e-003 2.8133323643770871e-003 -9.9999344502684295e-001 1.3283742801783325e+000 0.0000000000000000e+000 0.0000000000000000e+000 0.0000000000000000e+000 1.0000000000000000e+000</transform>
      </camera>
      <camera id="23" sensor_id="0" label="Aipano-Mont-Blanc_4K_remapped_00023" enabled="1">
        <transform>9.9999667784232771e-001 1.1616035393214072e-003 2.3010826852810002e-003 9.6967160436779387e-001 1.1675181193947929e-003 -9.9999601426281726e-001 -2.5706730481109569e-003 -2.4068304378169902e-001 2.2980874108590572e-003 2.5733510636590596e-003 -9.9999404831156635e-001 1.3201067671132090e+000 0.0000000000000000e+000 0.0000000000000000e+000 0.0000000000000000e+000 1.0000000000000000e+000</transform>
      </camera>
      <camera id="24" sensor_id="0" label="Aipano-Mont-Blanc_4K_remapped_00024" enabled="1">
        <transform>9.9999735859497108e-001 1.0008389332415277e-003 2.0690878449306734e-003 9.5700481324865150e-001 1.0060796179009585e-003 -9.9999628493734072e-001 -2.5333604795272505e-003 -2.3585183823100861e-001 2.0665446723398362e-003 2.5354354550045722e-003 -9.9999465046577662e-001 1.3121649924753069e+000 0.0000000000000000e+000 0.0000000000000000e+000 0.0000000000000000e+000 1.0000000000000000e+000</transform>
      </camera>
      <camera id="25" sensor_id="0" label="Aipano-Mont-Blanc_4K_remapped_00025" enabled="1">
        <transform>9.9999695243906372e-001 1.3011477194304810e-003 2.0981246856325961e-003 9.4396962872509893e-001 1.3067161699024841e-003 -9.9999562217566351e-001 -2.6548300056443599e-003 -2.3155410279912120e-001 2.0946611744039668e-003 2.6575635683413310e-003 -9.9999427485883374e-001 1.3042301736719266e+000 0.0000000000000000e+000 0.0000000000000000e+000 0.0000000000000000e+000 1.0000000000000000e+000</transform>
      </camera>
      <camera id="26" sensor_id="0" label="Aipano-Mont-Blanc_4K_remapped_00026" enabled="1">
        <transform>9.9999715597528338e-001 1.1268580999798901e-003 2.1019591259695087e-003 9.3124329607057221e-001 1.1317451868360711e-003 -9.9999665611534838e-001 -2.3252765327429134e-003 -2.2609107739960083e-001 2.0993318405650345e-003 2.3276488017227237e-003 -9.9999508741637277e-001 1.2959731715580707e+000 0.0000000000000000e+000 0.0000000000000000e+000 0.0000000000000000e+000 1.0000000000000000e+000</transform>
      </camera>
      <camera id="27" sensor_id="0" label="Aipano-Mont-Blanc_4K_remapped_00027" enabled="1">
        <transform>9.9999711364288491e-001 1.2675102655323150e-003 2.0411084307271278e-003 9.1898927915985407e-001 1.2729240678562867e-003 -9.9999566989557254e-001 -2.6532723988676086e-003 -2.2177566415829827e-001 2.0377365425116568e-003 2.6558629166225189e-003 -9.9999439699527892e-001 1.2881353297635489e+000 0.0000000000000000e+000 0.0000000000000000e+000 0.0000000000000000e+000 1.0000000000000000e+000</transform>
      </camera>
      <camera id="28" sensor_id="0" label="Aipano-Mont-Blanc_4K_remapped_00028" enabled="1">
        <transform>9.9999709771897183e-001 1.2402548556204125e-003 2.0655075709996038e-003 9.0668758384819292e-001 1.2456405835066739e-003 -9.9999582278113597e-001 -2.6082177469822039e-003 -2.1679871765521957e-001 2.0622640881972042e-003 2.6107830572572972e-003 -9.9999446542401349e-001 1.2799808799498880e+000 0.0000000000000000e+000 0.0000000000000000e+000 0.0000000000000000e+000 1.0000000000000000e+000</transform>
      </camera>
      <camera id="29" sensor_id="0" label="Aipano-Mont-Blanc_4K_remapped_00029" enabled="1">
        <transform>9.9999719782610885e-001 1.2770542316227101e-003 1.9933570731073165e-003 8.9466747170959293e-001 1.2817101475992197e-003 -9.9999644971437884e-001 -2.3361887199737489e-003 -2.1183515618379689e-001 1.9903665564296501e-003 2.3387370795551021e-003 -9.9999528436380325e-001 1.2715657081270486e+000 0.0000000000000000e+000 0.0000000000000000e+000 0.0000000000000000e+000 1.0000000000000000e+000</transform>
      </camera>
      <camera id="30" sensor_id="0" label="Aipano-Mont-Blanc_4K_remapped_00030" enabled="1">
        <transform>9.9999675608319216e-001 1.3568835803627541e-003 2.1556182507686391e-003 8.8268624673049156e-001 1.3622862138912700e-003 -9.9999593001830389e-001 -2.5068153300233332e-003 -2.0754918515850063e-001 2.1522080208815041e-003 2.5097437671483831e-003 -9.9999453457849363e-001 1.2636103019515674e+000 0.0000000000000000e+000 0.0000000000000000e+000 0.0000000000000000e+000 1.0000000000000000e+000</transform>
      </camera>
      <camera id="31" sensor_id="0" label="Aipano-Mont-Blanc_4K_remapped_00031" enabled="1">
        <transform>9.9999745734973755e-001 1.2091804284044909e-003 1.9034644077038367e-003 8.7038822232168045e-001 1.2134837624632393e-003 -9.9999670707189869e-001 -2.2612612669473198e-003 -2.0274603197302649e-001 1.9007238668648969e-003 2.2635653405019412e-003 -9.9999563175082484e-001 1.2553104188952511e+000 0.0000000000000000e+000 0.0000000000000000e+000 0.0000000000000000e+000 1.0000000000000000e+000</transform>
      </camera>
      <camera id="32" sensor_id="0" label="Aipano-Mont-Blanc_4K_remapped_00032" enabled="1">
        <transform>9.9999745922826033e-001 1.3340411700812544e-003 1.8171051647241443e-003 8.5861942312714912e-001 1.3382055570412251e-003 -9.9999647685227333e-001 -2.2924853168075679e-003 -1.9822185368578571e-001 1.8140404929997862e-003 2.2949111523548247e-003 -9.9999572131079273e-001 1.2472043799873733e+000 0.0000000000000000e+000 0.0000000000000000e+000 0.0000000000000000e+000 1.0000000000000000e+000</transform>
      </camera>
      <camera id="33" sensor_id="0" label="Aipano-Mont-Blanc_4K_remapped_00033" enabled="1">
        <transform>9.9999726090901464e-001 1.2523670921783840e-003 1.9773090640102654e-003 8.4686080283746279e-001 1.2566536165556630e-003 -9.9999686006520372e-001 -2.1681054913095734e-003 -1.9354261366947106e-001 1.9745875914190451e-003 2.1705843452577036e-003 -9.9999569477445449e-001 1.2391585240587049e+000 0.0000000000000000e+000 0.0000000000000000e+000 0.0000000000000000e+000 1.0000000000000000e+000</transform>
      </camera>
      <camera id="34" sensor_id="0" label="Aipano-Mont-Blanc_4K_remapped_00034" enabled="1">
        <transform>9.9999777746830909e-001 1.2965453062611662e-003 1.6625368299538546e-003 8.3535482537317274e-001 1.2999093533975921e-003 -9.9999710690535359e-001 -2.0239606211132429e-003 -1.8914650014815140e-001 1.6599078634340905e-003 2.0261172699722464e-003 -9.9999656977146334e-001 1.2310583694311092e+000 0.0000000000000000e+000 0.0000000000000000e+000 0.0000000000000000e+000 1.0000000000000000e+000</transform>
      </camera>
      <camera id="35" sensor_id="0" label="Aipano-Mont-Blanc_4K_remapped_00035" enabled="1">
        <transform>9.9999710614479498e-001 1.4440210183031218e-003 1.9241895264975961e-003 8.2392008146131279e-001 1.4480788676385814e-003 -9.9999672729314881e-001 -2.1091397736470396e-003 -1.8465502698226632e-001 1.9211375870256645e-003 2.1119200482925802e-003 -9.9999592450373587e-001 1.2227224833087040e+000 0.0000000000000000e+000 0.0000000000000000e+000 0.0000000000000000e+000 1.0000000000000000e+000</transform>
      </camera>
      <camera id="36" sensor_id="0" label="Aipano-Mont-Blanc_4K_remapped_00036" enabled="1">
        <transform>9.9999731965021721e-001 1.3200294519859432e-003 1.9021605154398357e-003 8.1225058443713705e-001 1.3245714302382685e-003 -9.9999627023076021e-001 -2.3885215290442986e-003 -1.8054702858191385e-001 1.8990005020550148e-003 2.3910346744456172e-003 -9.9999533836427401e-001 1.2144548535498862e+000 0.0000000000000000e+000 0.0000000000000000e+000 0.0000000000000000e+000 1.0000000000000000e+000</transform>
      </camera>
      <camera id="37" sensor_id="0" label="Aipano-Mont-Blanc_4K_remapped_00037" enabled="1">
        <transform>9.9999831316444676e-001 1.2484034207008235e-003 1.3472776850473804e-003 8.0075834804718360e-001 1.2509148262800055e-003 -9.9999747880863776e-001 -1.8648293394772060e-003 -1.7558889128188659e-001 1.3449462289760916e-003 1.8665115234481173e-003 -9.9999735362368536e-001 1.2061441869348708e+000 0.0000000000000000e+000 0.0000000000000000e+000 0.0000000000000000e+000 1.0000000000000000e+000</transform>
      </camera>
      <camera id="38" sensor_id="0" label="Aipano-Mont-Blanc_4K_remapped_00038" enabled="1">
        <transform>9.9999806600146435e-001 1.2148614883374746e-003 1.5466431050822529e-003 7.8978943488208408e-001 1.2182714793536112e-003 -9.9999682525894473e-001 -2.2057394755862895e-003 -1.7165764648895529e-001 1.5439585269486939e-003 2.2076194408730348e-003 -9.9999637129765195e-001 1.1979958362385450e+000 0.0000000000000000e+000 0.0000000000000000e+000 0.0000000000000000e+000 1.0000000000000000e+000</transform>
      </camera>
      <camera id="39" sensor_id="0" label="Aipano-Mont-Blanc_4K_remapped_00039" enabled="1">
        <transform>9.9999805678919351e-001 1.1879571312550575e-003 1.5732691092010319e-003 7.7878130979508231e-001 1.1908060587572569e-003 -9.9999765088107784e-001 -1.8111359022494260e-003 -1.6694682515758597e-001 1.5711138615940486e-003 1.8130058412178622e-003 -9.9999712230138627e-001 1.1895604752703410e+000 0.0000000000000000e+000 0.0000000000000000e+000 0.0000000000000000e+000 1.0000000000000000e+000</transform>
      </camera>
      <camera id="40" sensor_id="0" label="Aipano-Mont-Blanc_4K_remapped_00040" enabled="1">
        <transform>9.9999751603370068e-001 1.2363322628743908e-003 1.8545643600620689e-003 7.6738850359485800e-001 1.2400163762873529e-003 -9.9999725772969827e-001 -1.9866787536002273e-003 -1.6340488993343791e-001 1.8521030793062587e-003 1.9889735089345102e-003 -9.9999630684246243e-001 1.1814425755233664e+000 0.0000000000000000e+000 0.0000000000000000e+000 0.0000000000000000e+000 1.0000000000000000e+000</transform>
      </camera>
      <camera id="41" sensor_id="0" label="Aipano-Mont-Blanc_4K_remapped_00041" enabled="1">
        <transform>9.9999821969383862e-001 1.1048069103395653e-003 1.5297093985209903e-003 7.5627984231300183e-001 1.1079641385747956e-003 -9.9999725484914981e-001 -2.0646330502583190e-003 -1.5899612820508027e-001 1.5274241783766935e-003 2.0663242377353813e-003 -9.9999669863431240e-001 1.1728791655110682e+000 0.0000000000000000e+000 0.0000000000000000e+000 0.0000000000000000e+000 1.0000000000000000e+000</transform>
      </camera>
      <camera id="42" sensor_id="0" label="Aipano-Mont-Blanc_4K_remapped_00042" enabled="1">
        <transform>9.9999794077295989e-001 1.3028201757582295e-003 1.5559914617404237e-003 7.4533704458751415e-001 1.3059995403686432e-003 -9.9999705812956108e-001 -2.0440394868561705e-003 -1.5505403488590885e-001 1.5533238683316164e-003 2.0460674018486394e-003 -9.9999670039112987e-001 1.1643754178500232e+000 0.0000000000000000e+000 0.0000000000000000e+000 0.0000000000000000e+000 1.0000000000000000e+000</transform>
      </camera>
      <camera id="43" sensor_id="0" label="Aipano-Mont-Blanc_4K_remapped_00043" enabled="1">
        <transform>9.9999820872054257e-001 1.3077394777368805e-003 1.3683468726074070e-003 7.3429269117918794e-001 1.3106208865690150e-003 -9.9999692143763241e-001 -2.1069855598188493e-003 -1.5100310512944667e-001 1.3655872718706227e-003 2.1087751696102102e-003 -9.9999684411436363e-001 1.1562088875630423e+000 0.0000000000000000e+000 0.0000000000000000e+000 0.0000000000000000e+000 1.0000000000000000e+000</transform>
      </camera>
      <camera id="44" sensor_id="0" label="Aipano-Mont-Blanc_4K_remapped_00044" enabled="1">
        <transform>9.9999811845282371e-001 1.3261099885565565e-003 1.4158118205590041e-003 7.2359373286163475e-001 1.3291874448760177e-003 -9.9999675150839762e-001 -2.1749099725154246e-003 -1.4685585020401284e-001 1.4129230514674303e-003 2.1767877596159005e-003 -9.9999663261608052e-001 1.1473664175021470e+000 0.0000000000000000e+000 0.0000000000000000e+000 0.0000000000000000e+000 1.0000000000000000e+000</transform>
      </camera>
      <camera id="45" sensor_id="0" label="Aipano-Mont-Blanc_4K_remapped_00045" enabled="1">
        <transform>9.9999790942975597e-001 1.5114057674123500e-003 1.3772395305081712e-003 7.1269242868332960e-001 1.5147749707781130e-003 -9.9999585491159126e-001 -2.4485947855165278e-003 -1.4327624100172512e-001 1.3735330014476718e-003 2.4506758745267091e-003 -9.9999605378963974e-001 1.1388183995528491e+000 0.0000000000000000e+000 0.0000000000000000e+000 0.0000000000000000e+000 1.0000000000000000e+000</transform>
      </camera>
      <camera id="46" sensor_id="0" label="Aipano-Mont-Blanc_4K_remapped_00046" enabled="1">
        <transform>9.9999782673520898e-001 1.3461675299049367e-003 1.5919666579985628e-003 7.0229727210127679e-001 1.3497820019833125e-003 -9.9999650905967052e-001 -2.2715538777314881e-003 -1.3906166185493729e-001 1.5889032084653212e-003 2.2736977489861490e-003 -9.9999615283516985e-001 1.1298637090143684e+000 0.0000000000000000e+000 0.0000000000000000e+000 0.0000000000000000e+000 1.0000000000000000e+000</transform>
      </camera>
      <camera id="47" sensor_id="0" label="Aipano-Mont-Blanc_4K_remapped_00047" enabled="1">
        <transform>9.9999786748610786e-001 1.3618320813429132e-003 1.5525580890761647e-003 6.9140219142723769e-001 1.3656119896594465e-003 -9.9999610006377282e-001 -2.4361775671230476e-003 -1.3574927651802854e-001 1.5492343694318723e-003 2.4382925638816262e-003 -9.9999582729241498e-001 1.1210189543821236e+000 0.0000000000000000e+000 0.0000000000000000e+000 0.0000000000000000e+000 1.0000000000000000e+000</transform>
      </camera>
      <camera id="48" sensor_id="0" label="Aipano-Mont-Blanc_4K_remapped_00048" enabled="1">
        <transform>9.9999788719184957e-001 1.4486399235988144e-003 1.4584423911413868e-003 6.8087133902992525e-001 1.4520415240316530e-003 -9.9999622200102223e-001 -2.3340006629665672e-003 -1.3196012771165075e-001 1.4550557546054446e-003 2.3361134505832893e-003 -9.9999621268617667e-001 1.1119844709868645e+000 0.0000000000000000e+000 0.0000000000000000e+000 0.0000000000000000e+000 1.0000000000000000e+000</transform>
      </camera>
      <camera id="49" sensor_id="0" label="Aipano-Mont-Blanc_4K_remapped_00049" enabled="1">
        <transform>9.9999812091787432e-001 1.3312686153083850e-003 1.4092141764759636e-003 6.7010253852351720e-001 1.3344194471943530e-003 -9.9999660689038550e-001 -2.2373047299726031e-003 -1.2855599620790270e-001 1.4062309412878990e-003 2.2391810086956256e-003 -9.9999650428536502e-001 1.1027711578421859e+000 0.0000000000000000e+000 0.0000000000000000e+000 0.0000000000000000e+000 1.0000000000000000e+000</transform>
      </camera>
      <camera id="50" sensor_id="0" label="Aipano-Mont-Blanc_4K_remapped_00050" enabled="1">
        <transform>9.9999785313807454e-001 1.3416760129256694e-003 1.5791215019928301e-003 6.5952566737907614e-001 1.3452141534766955e-003 -9.9999658269657954e-001 -2.2416498486906699e-003 -1.2535227938467988e-001 1.5761085378241532e-003 2.2437692927724994e-003 -9.9999624068355264e-001 1.0935634774251668e+000 0.0000000000000000e+000 0.0000000000000000e+000 0.0000000000000000e+000 1.0000000000000000e+000</transform>
      </camera>
      <camera id="51" sensor_id="0" label="Aipano-Mont-Blanc_4K_remapped_00051" enabled="1">
        <transform>9.9999846192447550e-001 1.2443297777023604e-003 1.2360388696475604e-003 6.4925112347107161e-001 1.2469575050083881e-003 -9.9999695955341450e-001 -2.1274352886517514e-003 -1.2201833790315675e-001 1.2333878804575954e-003 2.1289733044405935e-003 -9.9999697310892166e-001 1.0841760456334133e+000 0.0000000000000000e+000 0.0000000000000000e+000 0.0000000000000000e+000 1.0000000000000000e+000</transform>
      </camera>
      <camera id="52" sensor_id="0" label="Aipano-Mont-Blanc_4K_remapped_00052" enabled="1">
        <transform>9.9999829760404979e-001 1.4829345487823572e-003 1.0980410403853454e-003 6.3861594843209202e-001 1.4852609588461296e-003 -9.9999664785243658e-001 -2.1209157866705734e-003 -1.1876969798339244e-001 1.0948921802946356e-003 2.1225430535206221e-003 -9.9999714800698281e-001 1.0746028638506708e+000 0.0000000000000000e+000 0.0000000000000000e+000 0.0000000000000000e+000 1.0000000000000000e+000</transform>
      </camera>
      <camera id="53" sensor_id="0" label="Aipano-Mont-Blanc_4K_remapped_00053" enabled="1">
        <transform>9.9999822272093541e-001 1.4343538513322508e-003 1.2235947040829750e-003 6.2818259545931254e-001 1.4370892704438788e-003 -9.9999646391478225e-001 -2.2376175634528659e-003 -1.1627555137674102e-001 1.2203808419778822e-003 2.2393720014026253e-003 -9.9999674793653193e-001 1.0649708432069096e+000 0.0000000000000000e+000 0.0000000000000000e+000 0.0000000000000000e+000 1.0000000000000000e+000</transform>
      </camera>
      <camera id="54" sensor_id="0" label="Aipano-Mont-Blanc_4K_remapped_00054" enabled="1">
        <transform>9.9999849891711423e-001 1.2959142465291268e-003 1.1501172914560296e-003 6.1787478418908415e-001 1.2983039131226504e-003 -9.9999699514214313e-001 -2.0794503200772191e-003 -1.1312230737153860e-001 1.1474190462223124e-003 2.0809404004299790e-003 -9.9999717655430520e-001 1.0552838742751729e+000 0.0000000000000000e+000 0.0000000000000000e+000 0.0000000000000000e+000 1.0000000000000000e+000</transform>
      </camera>
      <camera id="55" sensor_id="0" label="Aipano-Mont-Blanc_4K_remapped_00055" enabled="1">
        <transform>9.9999854457372694e-001 1.2450275091136524e-003 1.1665148648086071e-003 6.0764595552419265e-001 1.2474893241696981e-003 -9.9999699148969490e-001 -2.1120563309782155e-003 -1.1030334042134987e-001 1.1638817871037497e-003 2.1135084718762751e-003 -9.9999708922632613e-001 1.0456066510728177e+000 0.0000000000000000e+000 0.0000000000000000e+000 0.0000000000000000e+000 1.0000000000000000e+000</transform>
      </camera>
      <camera id="56" sensor_id="0" label="Aipano-Mont-Blanc_4K_remapped_00056" enabled="1">
        <transform>9.9999847352785576e-001 1.3528881911742709e-003 1.1057284929791552e-003 5.9754821039341688e-001 1.3552550603649818e-003 -9.9999678624137711e-001 -2.1426130399518251e-003 -1.0742160215506601e-001 1.1028262235546695e-003 2.1441083134482041e-003 -9.9999709328270592e-001 1.0355019172229265e+000 0.0000000000000000e+000 0.0000000000000000e+000 0.0000000000000000e+000 1.0000000000000000e+000</transform>
      </camera>
      <camera id="57" sensor_id="0" label="Aipano-Mont-Blanc_4K_remapped_00057" enabled="1">
        <transform>9.9999849794666273e-001 1.3007273045710374e-003 1.1455186145416993e-003 5.8756393095136272e-001 1.3032227900933494e-003 -9.9999677365972572e-001 -2.1804312643663721e-003 -1.0461984675386329e-001 1.1426787722275567e-003 2.1819208552072635e-003 -9.9999696674870220e-001 1.0256467612009563e+000 0.0000000000000000e+000 0.0000000000000000e+000 0.0000000000000000e+000 1.0000000000000000e+000</transform>
      </camera>
      <camera id="58" sensor_id="0" label="Aipano-Mont-Blanc_4K_remapped_00058" enabled="1">
        <transform>9.9999838024930809e-001 1.3305902224806561e-003 1.2120348263755403e-003 5.7738101876254899e-001 1.3333381141036593e-003 -9.9999653648118647e-001 -2.2691926107134002e-003 -1.0207952996449277e-001 1.2090112629693762e-003 2.2708049874167265e-003 -9.9999669086276233e-001 1.0150882225205873e+000 0.0000000000000000e+000 0.0000000000000000e+000 0.0000000000000000e+000 1.0000000000000000e+000</transform>
      </camera>
      <camera id="59" sensor_id="0" label="Aipano-Mont-Blanc_4K_remapped_00059" enabled="1">
        <transform>9.9999849735399859e-001 1.2678926795456659e-003 1.1822596579316432e-003 5.6723400568355054e-001 1.2706177147281737e-003 -9.9999653153624690e-001 -2.3070427172086948e-003 -9.9794980690824375e-002 1.1793304747343247e-003 2.3085414506049560e-003 -9.9999663990235599e-001 1.0046377291167141e+000 0.0000000000000000e+000 0.0000000000000000e+000 0.0000000000000000e+000 1.0000000000000000e+000</transform>
      </camera>
      <camera id="60" sensor_id="0" label="Aipano-Mont-Blanc_4K_remapped_00060" enabled="1">
        <transform>9.9999838572913480e-001 1.2132243558999659e-003 1.3253776019119608e-003 5.5753819137106109e-001 1.2160027406107796e-003 -9.9999706089852713e-001 -2.0975060529906039e-003 -9.6887899948394168e-002 1.3228289610625632e-003 2.0991143298439612e-003 -9.9999692191654777e-001 9.9411492780180533e-001 0.0000000000000000e+000 0.0000000000000000e+000 0.0000000000000000e+000 1.0000000000000000e+000</transform>
      </camera>
      <camera id="61" sensor_id="0" label="Aipano-Mont-Blanc_4K_remapped_00061" enabled="1">
        <transform>9.9999846885764987e-001 1.3377584826136208e-003 1.1281332363036118e-003 5.4793590555586358e-001 1.3401101319468411e-003 -9.9999692556495823e-001 -2.0863761563405009e-003 -9.4302190743177278e-002 1.1253387005301910e-003 2.0878847845817654e-003 -9.9999718717101171e-001 9.8325743435415336e-001 0.0000000000000000e+000 0.0000000000000000e+000 0.0000000000000000e+000 1.0000000000000000e+000</transform>
      </camera>
      <camera id="62" sensor_id="0" label="Aipano-Mont-Blanc_4K_remapped_00062" enabled="1">
        <transform>9.9999849146567188e-001 1.2649192653894003e-003 1.1903972578527766e-003 5.3824212822686335e-001 1.2674140512996678e-003 -9.9999699740130799e-001 -2.0973435557966021e-003 -9.1972413139701295e-002 1.1877407132976597e-003 2.0988491180930829e-003 -9.9999709204796061e-001 9.7254157245145800e-001 0.0000000000000000e+000 0.0000000000000000e+000 0.0000000000000000e+000 1.0000000000000000e+000</transform>
      </camera>
      <camera id="63" sensor_id="0" label="Aipano-Mont-Blanc_4K_remapped_00063" enabled="1">
        <transform>9.9999814831182832e-001 1.4214096219790386e-003 1.2972924115388211e-003 5.2910573317812215e-001 1.4243256612312069e-003 -9.9999645520263192e-001 -2.2496396558845618e-003 -8.9515718339555100e-002 1.2940901534472349e-003 2.2514832571252958e-003 -9.9999662807122391e-001 9.6146724281984330e-001 0.0000000000000000e+000 0.0000000000000000e+000 0.0000000000000000e+000 1.0000000000000000e+000</transform>
      </camera>
      <camera id="64" sensor_id="0" label="Aipano-Mont-Blanc_4K_remapped_00064" enabled="1">
        <transform>9.9999829075161473e-001 1.2576260108226570e-003 1.3553120178346663e-003 5.1983197581468232e-001 1.2605012087516070e-003 -9.9999695270661348e-001 -2.1226667637139784e-003 -8.6899847864603960e-002 1.3526383668669621e-003 2.1243715079859566e-003 -9.9999682870254369e-001 9.5031804778596229e-001 0.0000000000000000e+000 0.0000000000000000e+000 0.0000000000000000e+000 1.0000000000000000e+000</transform>
      </camera>
      <camera id="65" sensor_id="0" label="Aipano-Mont-Blanc_4K_remapped_00065" enabled="1">
        <transform>9.9999837437655903e-001 1.1964377773359151e-003 1.3489925445593117e-003 5.1059476209462706e-001 1.1995110348149178e-003 -9.9999668210077741e-001 -2.2796843452697634e-003 -8.4562159659845620e-002 1.3462605682669148e-003 2.2812987708045345e-003 -9.9999649162304594e-001 9.3911793673200861e-001 0.0000000000000000e+000 0.0000000000000000e+000 0.0000000000000000e+000 1.0000000000000000e+000</transform>
      </camera>
      <camera id="66" sensor_id="0" label="Aipano-Mont-Blanc_4K_remapped_00066" enabled="1">
        <transform>9.9999794626006555e-001 1.2538975824114057e-003 1.5922363215204003e-003 5.0129197013953908e-001 1.2573111112659477e-003 -9.9999690977488043e-001 -2.1446700117032460e-003 -8.1942416179524691e-002 1.5895422046089782e-003 2.1466675435276058e-003 -9.9999643258065540e-001 9.2745800657624833e-001 0.0000000000000000e+000 0.0000000000000000e+000 0.0000000000000000e+000 1.0000000000000000e+000</transform>
      </camera>
      <camera id="67" sensor_id="0" label="Aipano-Mont-Blanc_4K_remapped_00067" enabled="1">
        <transform>9.9999787530454376e-001 1.2190799471744219e-003 1.6622967484454156e-003 4.9244398337498774e-001 1.2228455291784170e-003 -9.9999668458489954e-001 -2.2661571041658487e-003 -7.9711847229041691e-002 1.6595286105588387e-003 2.2681850214191514e-003 -9.9999605064295094e-001 9.1622334005784867e-001 0.0000000000000000e+000 0.0000000000000000e+000 0.0000000000000000e+000 1.0000000000000000e+000</transform>
      </camera>
      <camera id="68" sensor_id="0" label="Aipano-Mont-Blanc_4K_remapped_00068" enabled="1">
        <transform>9.9999809938654827e-001 1.1885858689086217e-003 1.5454730420950131e-003 4.8359605411928602e-001 1.1918176819686623e-003 -9.9999710173440270e-001 -2.0919114243962353e-003 -7.6931991886212664e-002 1.5429821465456177e-003 2.0937493705798166e-003 -9.9999661770411441e-001 9.0457994086950499e-001 0.0000000000000000e+000 0.0000000000000000e+000 0.0000000000000000e+000 1.0000000000000000e+000</transform>
      </camera>
      <camera id="69" sensor_id="0" label="Aipano-Mont-Blanc_4K_remapped_00069" enabled="1">
        <transform>9.9999772502732176e-001 1.3843476866186668e-003 1.6228128863161355e-003 4.7512189908007485e-001 1.3876663237158101e-003 -9.9999694484141455e-001 -2.0456514881551893e-003 -7.4585839563347203e-002 1.6199760354601573e-003 2.0478987571459768e-003 -9.9999659088835147e-001 8.9295393978066484e-001 0.0000000000000000e+000 0.0000000000000000e+000 0.0000000000000000e+000 1.0000000000000000e+000</transform>
      </camera>
      <camera id="70" sensor_id="0" label="Aipano-Mont-Blanc_4K_remapped_00070" enabled="1">
        <transform>9.9999811759824619e-001 1.2820634760553349e-003 1.4564042045840844e-003 4.6677975399865551e-001 1.2848547498097288e-003 -9.9999733667480539e-001 -1.9172353971019221e-003 -7.1508656138000379e-002 1.4539423082284479e-003 1.9191030559545512e-003 -9.9999710154341193e-001 8.8094727497914105e-001 0.0000000000000000e+000 0.0000000000000000e+000 0.0000000000000000e+000 1.0000000000000000e+000</transform>
      </camera>
      <camera id="71" sensor_id="0" label="Aipano-Mont-Blanc_4K_remapped_00071" enabled="1">
        <transform>9.9999804500281497e-001 1.3014731527118460e-003 1.4886766540237913e-003 4.5830617351175085e-001 1.3042847080626592e-003 -9.9999736484448221e-001 -1.8892182223982739e-003 -6.9211718188140217e-002 1.4862139643332267e-003 1.8911561871770607e-003 -9.9999710734398028e-001 8.6915099415619657e-001 0.0000000000000000e+000 0.0000000000000000e+000 0.0000000000000000e+000 1.0000000000000000e+000</transform>
      </camera>
      <camera id="72" sensor_id="0" label="Aipano-Mont-Blanc_4K_remapped_00072" enabled="1">
        <transform>9.9999831474003109e-001 1.2281078156560540e-003 1.3646495125825059e-003 4.5012705230571753e-001 1.2308998519825519e-003 -9.9999714729247691e-001 -2.0470203864795034e-003 -6.6710501454930349e-002 1.3621316579011319e-003 2.0486966836010347e-003 -9.9999697371504337e-001 8.5717917426236601e-001 0.0000000000000000e+000 0.0000000000000000e+000 0.0000000000000000e+000 1.0000000000000000e+000</transform>
      </camera>
      <camera id="73" sensor_id="0" label="Aipano-Mont-Blanc_4K_remapped_00073" enabled="1">
